BAFF049	108	112	186	186	193	203	0	0	304	308	141	197	332	358	165	171	256	282	185	203	267	267	185	185	352	364
BAFF050	108	112	186	186	193	203	229	240	304	304	141	197	332	358	165	165	256	282	203	203	267	267	185	185	352	364
BAFF051	108	108	180	192	188	191	232	232	304	308	141	141	340	358	165	165	248	256	199	213	267	279	173	185	348	348
BAFF052	108	116	186	186	191	193	229	240	304	304	150	197	332	344	165	165	256	282	185	203	267	267	185	185	352	352
BAFF053	108	110	180	192	185	191	240	244	308	308	150	150	340	342	165	165	298	298	199	207	267	267	185	185	356	356
BAFF054	108	112	186	186	193	203	229	240	304	308	150	197	332	358	165	165	256	256	203	203	267	267	185	185	352	352
BAFF055	108	112	186	186	191	193	229	240	304	308	150	197	332	344	165	185	256	266	185	203	267	267	185	185	352	364
BAFF056	108	108	180	186	191	193	240	240	308	308	141	150	356	358	173	185	282	282	181	181	267	279	173	185	348	352
BAFF058	108	114	180	192	215	215	232	232	300	304	141	141	340	358	165	165	256	268	213	213	267	279	173	185	348	356
BAFF061	108	108	180	192	188	191	232	244	304	308	141	150	340	358	165	181	256	268	199	213	267	267	185	185	348	356
BAFF063	108	108	180	192	188	191	232	244	300	304	141	141	340	358	165	181	256	268	213	213	267	279	173	185	348	356
BAFF065	108	114	180	192	188	191	232	232	304	308	141	141	340	358	165	165	248	256	213	213	267	267	173	185	348	356
BAFF066	108	108	180	192	188	191	232	244	300	304	141	150	340	358	165	165	256	268	199	213	267	279	173	185	348	356
BAFF068	108	108	186	186	191	193	229	232	300	308	150	182	358	386	177	183	250	254	213	213	267	267	173	185	352	352
BAFF069	114	114	186	186	193	193	240	244	300	304	150	182	344	356	165	181	250	268	203	203	267	267	173	185	352	356
BAFF070	112	112	186	192	191	193	238	240	300	308	150	150	324	342	165	173	250	250	181	197	267	279	185	189	352	356
BAFF072	108	110	186	186	191	193	240	240	308	308	132	150	322	342	165	165	246	248	187	187	267	267	185	185	352	364
BAFF073	112	112	186	192	193	193	238	244	300	308	150	150	324	342	165	165	250	334	181	197	267	279	185	189	352	356
