BAFF436	108	110	186	192	193	193	240	244	304	304	141	144	338	356	165	181	248	266	195	201	267	267	185	185	352	356
BAFF437	106	108	186	186	191	193	236	240	308	308	129	150	322	322	173	179	266	292	183	197	267	267	185	185	356	356
BAFF438	110	110	186	186	0	0	0	0	300	300	123	150	300	342	165	165	248	264	191	209	267	267	185	189	352	356
BAFF439	114	114	186	192	191	191	242	244	300	300	129	141	340	342	165	165	264	282	199	203	267	267	185	185	352	356
BAFF440	104	110	186	186	191	193	240	244	304	304	129	171	298	298	165	189	244	250	195	195	267	267	185	189	356	360
BAFF441	106	108	180	186	193	193	244	244	304	304	141	150	300	348	169	187	250	264	187	215	267	267	185	185	348	352
BAFF442	114	118	180	186	193	193	238	240	304	308	150	156	306	336	167	181	248	250	189	195	267	279	185	185	352	356
BAFF443	106	108	180	186	193	193	230	244	304	304	141	150	300	358	167	187	250	264	185	215	267	267	185	185	344	348
BAFF444	108	114	180	180	193	193	238	240	304	308	150	156	306	356	167	181	248	250	185	199	267	279	185	185	352	356
BAFF445	110	116	186	192	193	193	232	244	300	304	138	150	304	342	169	177	248	260	183	185	267	267	185	185	352	356
BAFF446	110	110	180	192	191	191	232	244	300	304	138	150	304	342	169	177	254	260	187	201	267	267	185	185	356	356
BAFF447	106	108	180	186	193	193	242	242	308	308	135	141	306	342	165	165	244	256	183	205	267	267	185	185	344	356
BAFF448	110	114	186	186	188	193	232	240	304	304	123	138	300	304	165	167	286	288	205	205	279	279	185	185	344	352
BAFF449	108	112	186	192	191	191	236	257	300	304	138	141	300	356	181	205	264	266	185	185	267	267	185	185	344	356
BAFF450	114	114	186	186	193	193	240	244	304	308	150	177	338	346	165	165	260	306	191	199	267	267	173	185	348	352
BAFF451	106	108	186	186	191	193	240	242	308	308	126	129	300	306	165	193	268	292	197	197	267	267	185	189	352	356
BAFF452	108	110	180	186	193	193	244	244	304	304	138	141	300	358	169	187	264	286	187	215	267	279	185	185	344	348
BAFF453	106	106	186	186	191	191	238	242	300	304	141	141	340	356	165	177	258	258	181	187	267	267	185	185	352	352
BAFF454	110	110	0	0	191	191	232	236	300	304	138	150	304	342	177	177	254	260	183	187	267	267	185	185	352	356
BAFF455	110	110	180	192	191	193	232	236	300	304	138	150	300	342	177	177	248	260	187	201	267	267	185	185	352	356
BAFF456	108	110	186	186	193	193	236	240	304	308	126	129	306	344	165	165	244	286	191	199	267	267	173	185	356	356
BAFF457	106	108	186	186	193	193	229	242	304	308	135	153	298	306	165	177	244	266	179	199	267	267	185	185	352	360
BAFF458	108	114	186	192	191	193	232	244	304	304	141	141	300	348	171	173	264	282	189	209	267	267	185	185	352	356
BAFF459	104	110	186	186	191	193	240	244	304	304	126	129	298	298	175	189	244	250	195	195	267	267	185	189	356	360
BAFF460	110	110	186	186	193	193	229	240	304	308	129	156	300	344	173	177	264	310	195	209	267	267	185	185	348	356
BAFF461	110	110	186	192	191	191	232	244	300	304	138	150	304	342	169	177	254	260	183	185	267	267	185	185	352	356
BAFF462	112	116	186	192	193	193	232	244	304	304	150	153	350	354	165	171	268	296	183	189	267	267	173	185	356	356
BAFF463	116	116	180	180	193	193	236	236	304	304	138	138	304	304	177	177	248	248	183	185	267	267	185	185	352	352
BAFF464	112	114	186	192	193	193	232	242	304	304	126	150	350	354	165	171	268	296	183	187	267	267	173	185	344	356
BAFF465	110	116	186	186	188	193	236	240	304	304	123	150	304	336	165	177	248	266	201	201	267	279	185	185	352	356
BAFF466	108	114	180	180	193	193	238	240	304	308	141	156	306	336	167	181	248	250	189	195	267	279	185	185	352	356
BAFF467	108	112	192	192	193	193	240	242	300	304	141	150	306	306	165	187	248	252	185	201	267	267	185	185	340	352
BAFF469	110	110	186	186	191	193	238	240	300	304	123	150	300	342	165	165	248	266	191	209	267	279	185	185	352	356
BAFF471	114	114	180	186	191	193	232	236	308	308	141	150	336	344	167	173	266	286	187	195	267	267	185	185	356	356
BAFF472	108	108	180	186	191	193	232	236	304	304	129	150	318	346	165	165	258	296	191	195	267	267	185	185	348	352
BAFF473	110	110	186	192	191	193	232	244	300	304	138	150	304	342	169	177	248	260	183	183	267	267	185	185	352	356
BAFF474	114	114	186	186	193	193	232	236	300	308	138	141	304	336	173	187	262	266	189	209	267	267	185	185	348	356
BAFF475	110	112	180	186	191	191	240	240	304	304	141	150	342	344	165	189	262	268	191	191	267	267	185	185	356	360
BAFF476	110	114	186	198	193	193	238	238	304	304	129	150	298	300	165	165	262	288	167	213	267	267	185	189	336	356
BAFF477	110	114	186	186	191	191	232	242	304	308	126	147	300	322	167	167	264	264	183	199	267	279	185	185	356	360
BAFF478	110	110	180	192	179	193	232	244	300	304	138	150	300	342	169	177	254	260	185	201	267	267	185	185	356	356
BAFF479	110	110	180	186	191	193	244	244	304	304	141	150	300	358	169	187	250	264	185	215	267	279	185	185	348	352
