ind	pop	btern01	bt28	b96	bt30	btms0081	btms0066	btms0083	b126	btms0062	btern02	btms0086	bl13	btms0059
BAFF014	1	1	1	1	1	1	1	1	1	1	1	1	1	1
BAFF014	1	2	2	2	2	1	2	2	2	2	2	1	2	2
BAFF379	2	3	1	1	3	1	1	3	3	3	3	1	2	2
BAFF379	2	4	3	1	4	2	3	4	4	3	3	1	2	3
BAFF212	3	1	1	2	2	1	4	5	3	3	4	1	1	4
BAFF212	3	5	1	2	5	2	4	6	5	4	5	1	2	5
BAFF018	4	1	1	3	2	1	1	5	6	5	3	1	2	1
BAFF018	4	5	1	3	2	1	1	7	7	6	6	1	2	1
BAFF247	4	1	3	1	2	1	1	5	6	7	3	1	2	1
BAFF247	4	5	3	2	2	2	5	8	7	8	3	2	2	1
BAFF024	5	1	1	1	6	1	1	5	1	9	1	1	2	2
BAFF024	5	6	1	2	6	2	4	5	8	10	3	1	2	6
BAFF088	6	1	2	2	1	1	5	3	3	4	3	1	2	1
BAFF088	6	1	2	2	1	2	6	5	7	4	7	2	2	1
BAFF429	6	5	2	1	4	2	4	9	3	11	1	1	2	1
BAFF429	6	5	3	1	4	2	4	9	3	12	8	2	2	2
BAFF087	7	4	1	2	-9	1	7	5	7	4	4	2	2	4
BAFF087	7	7	2	2	-9	1	7	5	9	4	9	2	2	6
BAFF225	7	1	1	1	2	1	1	5	3	2	10	2	2	1
BAFF225	7	5	3	2	6	1	8	10	5	10	11	2	2	6
BAFF195	8	3	1	1	4	1	1	5	3	11	5	1	2	2
BAFF195	8	5	1	3	6	2	9	11	7	13	12	1	2	2
BAFF238	9	4	1	2	3	1	1	11	2	2	11	1	2	3
BAFF238	9	4	3	2	6	3	5	12	3	12	13	1	2	6
BAFF019	10	5	1	1	2	1	1	5	7	11	14	1	1	1
BAFF019	10	5	3	2	4	2	4	7	10	14	14	1	2	3
BAFF175	10	1	1	2	2	1	4	4	3	11	4	1	2	1
BAFF175	10	6	1	2	7	2	6	13	3	15	11	2	2	6
BAFF156	11	4	1	2	8	1	9	11	3	11	15	1	2	1
BAFF156	11	5	3	4	9	1	9	11	7	16	15	1	3	6
BAFF301	11	4	1	1	2	1	4	5	11	17	8	1	2	1
BAFF301	11	6	1	2	6	2	10	5	11	17	8	1	2	2
BAFF141	12	1	1	1	2	1	5	2	12	5	9	3	2	1
BAFF141	12	1	1	1	2	1	5	2	12	5	9	3	2	1
BAFF302	12	3	1	2	2	1	1	14	3	4	1	1	2	1
BAFF302	12	3	4	5	3	3	8	15	6	4	14	1	2	6
BAFF290	1	3	1	2	2	1	1	16	2	3	14	1	2	3
BAFF290	1	4	2	6	2	3	11	17	11	3	16	3	2	6
BAFF498	6	3	1	1	1	1	1	11	5	3	17	1	2	1
BAFF498	6	3	3	2	2	1	10	16	8	17	18	1	2	2
BAFF455	7	3	2	1	1	1	1	5	13	2	4	1	2	1
BAFF455	7	3	3	2	6	3	6	7	13	11	19	1	2	6
BAFF203	8	4	3	2	4	1	3	-9	10	10	3	1	2	1
BAFF203	8	7	3	2	4	2	4	-9	13	18	20	1	2	4
BAFF056	12	5	1	1	2	2	1	18	6	19	18	1	1	5
BAFF056	12	5	3	2	2	2	4	19	12	19	18	2	2	6
BAFF327	12	3	1	2	9	2	1	10	6	3	1	1	2	1
BAFF327	12	5	1	6	9	2	5	20	11	14	1	1	2	1
BAFF255	1	1	1	1	1	1	1	1	3	20	8	1	1	4
BAFF255	1	5	1	6	10	3	8	2	13	21	12	1	2	5
BAFF256	1	4	1	2	2	2	1	5	2	17	12	1	1	6
BAFF256	1	5	1	6	6	3	11	5	11	22	14	2	2	6
BAFF257	1	4	1	6	1	2	1	1	2	17	12	1	2	6
BAFF257	1	5	2	7	6	3	10	4	11	22	12	2	2	6
BAFF260	1	4	1	2	6	1	10	1	2	2	12	2	2	6
BAFF260	1	5	1	5	10	3	11	5	11	22	13	2	2	6
BAFF259	1	5	1	1	1	1	1	5	11	2	1	1	1	3
BAFF259	1	5	1	2	2	2	10	5	11	17	1	1	1	6
BAFF261	1	1	1	2	1	1	1	1	3	22	14	2	2	1
BAFF261	1	5	2	7	8	3	10	4	11	23	14	2	2	6
BAFF274	1	3	1	2	1	1	1	1	11	10	3	1	2	1
BAFF274	1	5	1	2	8	1	8	5	11	22	14	2	2	6
BAFF262	1	5	1	1	2	1	1	1	11	13	1	1	2	1
BAFF262	1	7	2	7	2	1	11	5	11	19	14	1	2	1
BAFF294	1	5	1	1	2	1	7	1	1	19	8	1	1	1
BAFF294	1	7	1	1	4	1	11	21	11	20	14	1	2	2
BAFF292	1	5	1	1	4	1	1	17	3	2	9	1	2	2
BAFF292	1	8	1	2	9	3	2	17	11	21	21	1	2	6
BAFF296	1	5	1	2	2	1	1	17	3	17	21	1	2	2
BAFF296	1	8	1	2	9	2	2	22	13	21	22	1	2	6
BAFF295	1	5	1	2	2	1	1	17	3	17	9	1	2	4
BAFF295	1	5	1	2	10	3	1	23	13	17	9	1	2	6
BAFF298	1	1	1	1	1	1	8	2	12	9	8	1	1	1
BAFF298	1	5	1	1	1	1	11	18	13	19	12	2	2	1
BAFF299	1	5	1	1	9	1	1	1	10	2	1	1	1	3
BAFF299	1	5	1	6	10	1	10	1	11	4	14	1	1	3
BAFF375	13	3	1	2	2	2	1	17	3	2	3	1	2	6
BAFF375	13	4	2	2	9	2	12	17	13	12	12	2	2	6
BAFF376	13	3	1	2	2	2	1	5	3	2	4	1	2	6
BAFF376	13	3	2	2	9	2	12	5	14	12	12	2	2	6
BAFF377	13	3	1	2	2	2	8	17	3	2	3	1	2	6
BAFF377	13	4	1	2	9	2	12	17	13	12	12	2	2	6
BAFF022	5	1	1	1	4	1	5	5	2	3	1	1	2	1
BAFF022	5	5	2	2	4	1	5	5	11	10	23	1	2	2
BAFF021	5	5	1	1	4	1	5	5	1	3	11	1	2	1
BAFF021	5	5	2	2	4	3	5	5	2	13	23	1	2	1
BAFF499	6	5	1	1	2	1	12	7	3	14	4	1	2	1
BAFF499	6	6	1	2	4	3	13	7	3	14	18	1	2	6
BAFF204	8	5	1	2	2	1	4	14	7	5	3	1	2	1
BAFF204	8	5	3	2	2	1	5	20	13	24	18	2	2	5
BAFF068	12	5	1	1	1	2	1	19	8	3	16	1	1	6
BAFF068	12	5	1	2	8	3	14	24	13	14	16	1	2	6
BAFF336	12	6	1	1	2	2	1	3	6	3	6	1	1	3
BAFF336	12	6	1	2	2	2	14	7	7	9	6	1	2	4
BAFF447	7	1	1	2	3	2	4	7	3	4	5	1	2	1
BAFF447	7	5	3	2	3	2	15	14	3	24	20	1	2	4
BAFF457	7	1	1	2	3	1	10	11	3	13	10	1	2	2
BAFF457	7	5	1	2	8	2	15	14	13	24	11	1	2	6
BAFF448	7	3	1	2	1	1	6	5	3	6	5	2	2	4
BAFF448	7	4	1	5	2	1	13	25	11	21	5	2	2	6
BAFF465	7	3	1	2	2	1	1	4	3	11	4	1	2	1
BAFF465	7	7	1	5	6	1	13	25	13	13	4	2	2	6
BAFF194	8	4	1	2	2	1	4	5	11	9	11	1	2	1
BAFF194	8	5	1	2	4	1	4	26	14	13	13	1	2	2
BAFF199	8	1	1	2	2	1	4	7	3	3	6	1	2	1
BAFF199	8	5	1	2	4	3	5	14	11	9	19	1	2	6
BAFF500	6	2	1	2	1	1	1	5	3	14	16	1	2	1
BAFF500	6	7	2	2	2	1	4	12	4	25	18	2	2	6
BAFF206	8	1	1	1	2	1	3	17	3	3	4	1	1	1
BAFF206	8	7	1	1	11	2	16	17	15	8	11	1	2	5
BAFF069	12	4	1	2	2	1	1	13	3	10	7	1	1	1
BAFF069	12	4	1	2	4	3	14	18	7	14	7	1	2	6
BAFF330	12	7	1	1	2	1	4	5	3	3	3	1	2	1
BAFF330	12	9	1	6	6	1	16	10	3	5	24	1	3	6
BAFF239	10	5	1	2	7	3	6	7	3	16	9	1	1	6
BAFF239	10	6	2	2	7	3	17	7	3	26	9	1	2	6
BAFF241	10	6	1	2	1	3	17	7	3	26	1	1	2	6
BAFF241	10	6	1	2	1	3	17	7	3	26	14	1	2	6
BAFF157	11	3	1	2	9	1	9	3	3	4	1	1	2	1
BAFF157	11	5	3	4	9	1	14	11	3	11	1	1	3	2
BAFF161	11	4	1	2	9	1	9	3	3	4	15	1	2	1
BAFF161	11	5	3	2	9	1	14	11	3	11	15	1	3	2
BAFF160	11	3	1	2	8	1	6	3	3	4	15	1	2	1
BAFF160	11	5	1	4	9	1	9	11	7	11	15	1	3	2
BAFF008	12	4	1	1	2	1	1	5	3	4	20	1	1	4
BAFF008	12	4	1	1	4	2	1	25	3	4	25	1	2	6
BAFF013	12	1	1	1	2	1	1	5	3	4	3	1	2	4
BAFF013	12	9	1	1	6	1	6	18	9	27	23	1	2	6
BAFF407	12	4	1	1	2	2	4	5	3	10	14	1	1	1
BAFF407	12	5	3	8	4	3	18	20	7	19	24	1	2	6
BAFF503	6	5	1	2	4	2	16	27	10	4	17	1	2	6
BAFF503	6	5	1	2	4	2	16	27	10	4	17	1	2	6
BAFF449	7	5	1	1	6	1	4	5	7	5	9	1	2	1
BAFF449	7	6	2	1	11	3	6	18	15	13	9	1	2	4
BAFF207	8	4	1	1	6	3	5	13	5	10	18	1	1	6
BAFF207	8	4	1	1	6	3	5	13	5	10	18	1	1	6
BAFF070	12	6	1	1	2	2	1	7	3	14	13	1	2	1
BAFF070	12	6	2	2	9	3	1	20	6	14	18	2	3	6
BAFF335	12	1	1	1	9	1	3	13	7	14	9	1	2	1
BAFF335	12	5	1	5	9	2	19	25	11	28	9	1	2	1
BAFF507	6	1	1	2	4	1	8	13	4	11	1	1	2	2
BAFF507	6	3	4	2	6	3	8	15	11	21	16	1	2	6
BAFF450	7	4	1	2	2	1	1	15	3	2	3	1	1	5
BAFF450	7	4	1	2	4	2	2	28	3	29	11	1	2	6
BAFF209	8	6	1	1	4	1	1	11	2	12	-9	1	3	2
BAFF209	8	7	1	1	7	1	5	17	3	18	-9	1	3	6
BAFF072	12	3	1	1	2	2	1	7	3	11	19	1	2	3
BAFF072	12	5	1	2	2	2	9	8	3	27	19	1	2	6
BAFF339	12	1	1	2	3	2	1	18	5	3	11	1	2	5
BAFF339	12	1	1	2	9	3	1	27	8	19	18	1	2	6
BAFF508	6	4	1	1	2	2	10	11	11	5	24	1	2	1
BAFF508	6	4	3	2	9	2	13	28	11	29	24	1	2	6
BAFF451	7	1	1	1	2	2	5	5	3	8	13	1	2	1
BAFF451	7	5	1	2	3	2	12	14	16	10	13	1	3	6
BAFF210	8	4	1	1	2	2	1	5	3	2	14	2	1	6
BAFF210	8	6	1	3	4	2	4	5	5	24	14	2	2	6
BAFF139	12	3	1	1	2	1	1	11	1	10	3	1	2	1
BAFF139	12	5	3	5	8	2	8	23	2	10	10	1	3	2
BAFF341	12	4	1	1	1	1	3	4	3	2	10	1	2	5
BAFF341	12	5	3	2	4	3	5	11	3	26	19	1	2	6
BAFF509	6	1	1	1	5	3	1	9	1	13	3	1	2	3
BAFF509	6	5	2	1	6	3	6	10	3	19	13	2	3	6
BAFF453	7	1	1	1	3	1	4	18	3	12	18	1	2	6
BAFF453	7	1	1	1	9	3	4	27	13	12	19	1	2	6
BAFF389	8	4	1	1	9	1	6	17	3	2	1	1	2	2
BAFF389	8	4	1	1	9	1	6	17	3	2	1	1	2	2
BAFF163	12	6	3	2	9	2	16	18	8	30	4	1	2	6
BAFF163	12	6	3	2	9	2	16	18	8	30	4	1	2	6
BAFF344	12	3	1	1	2	2	1	5	3	12	-9	1	2	1
BAFF344	12	5	1	5	4	3	4	20	6	16	-9	1	3	6
BAFF510	6	3	1	2	4	1	4	3	7	4	3	1	2	1
BAFF510	6	3	1	5	4	1	8	26	7	4	11	2	2	3
BAFF456	7	3	1	2	2	1	5	13	3	21	3	1	1	1
BAFF456	7	5	1	2	6	2	12	14	3	24	11	1	2	1
BAFF390	8	9	1	2	2	3	4	17	3	12	1	1	2	2
BAFF390	8	9	1	2	2	3	4	17	3	12	1	1	2	2
BAFF142	12	4	1	2	2	1	1	7	11	22	9	1	2	1
BAFF142	12	5	3	2	2	3	5	7	12	22	9	1	2	1
BAFF363	12	5	2	2	4	2	1	5	3	14	-9	1	1	1
BAFF363	12	6	3	3	9	2	16	5	8	14	-9	1	3	3
BAFF517	6	1	1	2	9	2	1	26	6	8	3	1	2	5
BAFF517	6	1	1	2	9	2	4	26	13	9	4	1	2	6
BAFF458	7	4	1	1	1	1	4	5	5	5	6	1	2	1
BAFF458	7	5	2	2	4	1	4	6	6	19	8	1	2	6
BAFF391	8	3	3	1	2	1	1	5	6	19	21	1	2	3
BAFF391	8	3	3	1	2	1	1	5	6	19	22	1	2	3
BAFF149	12	4	1	2	9	1	1	8	3	3	3	1	2	1
BAFF149	12	5	2	2	9	3	3	13	3	3	11	1	2	6
BAFF366	12	1	1	1	8	2	12	13	2	15	-9	1	3	1
BAFF366	12	4	1	7	9	2	15	18	3	15	-9	1	3	5
BAFF512	6	1	1	2	3	1	1	16	3	4	10	1	1	6
BAFF512	6	1	1	3	8	2	4	16	11	21	16	2	2	6
BAFF460	7	3	1	2	2	1	3	5	6	5	1	1	2	1
BAFF460	7	3	1	2	8	2	5	13	13	31	8	1	2	5
BAFF138	12	1	1	1	2	2	1	7	3	3	1	1	2	1
BAFF138	12	5	1	1	8	3	1	20	7	28	9	3	2	2
BAFF374	12	4	1	1	2	1	1	10	7	4	1	1	1	1
BAFF374	12	7	1	2	9	2	20	10	7	4	14	1	2	6
BAFF015	1	1	1	1	1	1	1	2	11	1	1	1	1	3
BAFF015	1	5	2	2	7	3	2	12	11	1	13	1	2	6
BAFF380	2	1	1	2	4	1	4	6	7	1	9	1	2	1
BAFF380	2	4	1	2	4	3	16	11	7	4	24	1	2	1
BAFF216	3	3	2	2	1	1	4	5	3	11	13	1	2	2
BAFF216	3	5	2	2	4	2	4	9	11	14	13	2	2	2
BAFF017	4	6	1	2	3	1	4	15	4	2	14	1	2	7
BAFF017	4	6	1	2	3	1	4	15	4	2	14	1	2	7
BAFF245	4	3	1	2	2	1	1	5	2	3	14	1	2	6
BAFF245	4	5	2	2	6	1	5	8	10	6	23	1	2	6
BAFF378	13	4	1	1	1	-9	1	14	3	4	12	1	2	5
BAFF378	13	5	1	2	3	-9	1	29	11	25	12	1	2	8
BAFF023	5	4	1	1	3	1	1	4	3	4	10	1	2	6
BAFF023	5	4	1	1	4	3	5	4	5	7	16	2	2	6
BAFF079	6	4	1	5	2	2	4	9	10	4	14	1	2	1
BAFF079	6	5	1	7	6	2	4	11	14	19	23	1	3	1
BAFF435	6	5	1	2	3	1	1	7	3	5	3	1	2	1
BAFF435	6	5	1	2	3	2	4	18	5	10	3	1	2	1
BAFF174	7	4	2	2	2	2	4	5	3	12	-9	1	2	1
BAFF174	7	9	3	2	4	3	4	27	3	12	-9	1	2	2
BAFF226	7	3	1	1	2	1	1	8	2	4	6	1	2	2
BAFF226	7	3	4	1	2	2	15	11	12	4	10	2	2	5
BAFF190	8	5	1	1	2	2	1	5	5	10	19	1	2	1
BAFF190	8	5	1	2	4	2	1	5	10	11	19	1	2	6
BAFF243	9	3	2	7	3	1	6	11	3	11	8	1	2	6
BAFF243	9	5	2	7	3	2	12	13	7	21	12	2	2	7
BAFF177	10	1	1	1	2	1	4	5	3	11	1	1	2	1
BAFF177	10	4	2	1	6	3	6	10	11	12	3	1	2	4
BAFF364	11	5	1	2	2	2	1	28	3	4	-9	1	2	1
BAFF364	11	7	3	2	3	2	9	28	7	4	-9	1	2	2
BAFF305	12	1	1	1	4	2	1	20	6	12	1	1	2	1
BAFF305	12	5	1	2	9	2	3	20	11	13	8	1	2	1
BAFF513	6	1	1	1	2	1	1	6	3	4	9	1	2	2
BAFF513	6	4	1	2	6	2	4	16	10	13	14	2	2	6
BAFF462	7	6	1	2	1	1	1	2	3	10	6	1	1	1
BAFF462	7	7	2	2	4	1	10	12	5	26	20	1	2	1
BAFF143	12	3	1	5	2	1	5	5	7	6	11	1	2	5
BAFF143	12	4	1	7	8	2	6	20	7	11	18	1	2	6
BAFF403	12	5	1	2	4	1	1	19	3	4	18	1	1	1
BAFF403	12	6	2	2	9	2	1	19	7	14	18	1	2	6
BAFF514	6	3	2	1	2	1	1	5	5	4	9	1	2	6
BAFF514	6	6	3	1	4	1	4	10	7	26	18	1	2	6
BAFF463	7	7	3	2	6	1	6	25	13	11	9	1	2	6
BAFF463	7	7	3	2	6	1	6	25	13	11	20	1	2	6
BAFF137	12	4	2	1	2	1	1	8	1	4	19	1	2	1
BAFF137	12	5	2	1	11	3	19	9	15	15	19	1	2	1
BAFF404	12	4	1	2	1	1	8	5	3	14	14	1	1	1
BAFF404	12	6	3	2	9	2	18	19	6	14	24	1	2	6
BAFF515	6	1	1	3	2	1	1	5	1	4	1	1	2	6
BAFF515	6	3	1	3	2	2	4	9	7	21	13	1	2	6
BAFF144	12	5	1	1	4	1	14	5	3	3	1	1	2	1
BAFF144	12	9	3	2	4	2	21	18	7	5	6	1	2	6
BAFF405	12	1	1	3	1	2	1	-9	7	3	1	1	2	1
BAFF405	12	1	1	3	1	2	1	-9	7	3	1	1	2	1
BAFF518	6	4	1	1	3	1	5	5	3	3	11	1	2	1
BAFF518	6	6	1	2	4	2	17	18	6	4	18	3	2	6
BAFF467	7	5	2	2	2	1	1	14	3	1	4	1	2	6
BAFF467	7	6	2	2	3	3	4	14	4	11	9	1	2	8
BAFF145	12	4	1	1	2	1	6	5	3	5	5	1	2	3
BAFF145	12	5	2	7	9	2	9	11	11	16	23	1	2	5
BAFF406	12	5	3	1	2	2	6	5	3	4	3	1	1	1
BAFF406	12	6	3	3	9	3	9	13	7	9	24	1	2	1
BAFF519	6	3	1	2	2	2	1	9	5	2	3	1	2	1
BAFF519	6	4	1	2	6	2	4	11	13	3	11	1	2	6
BAFF471	7	4	1	1	1	2	1	4	6	13	1	1	2	1
BAFF471	7	4	3	2	6	2	4	13	11	21	19	1	2	1
BAFF136	12	5	1	1	2	2	1	5	6	12	7	1	2	6
BAFF136	12	6	1	5	4	2	16	20	7	12	7	1	3	6
BAFF520	6	5	1	2	1	1	4	-9	5	3	6	1	2	1
BAFF520	6	9	2	2	2	1	8	-9	6	10	18	1	2	6
BAFF472	7	5	1	1	1	1	1	16	3	12	1	1	2	5
BAFF472	7	5	3	2	6	1	5	28	3	26	3	1	2	6
BAFF165	12	3	1	2	1	2	5	8	6	8	11	1	2	1
BAFF165	12	6	1	7	2	3	6	13	6	22	20	1	2	6
BAFF408	12	3	1	1	4	2	5	2	3	3	9	1	2	3
BAFF408	12	4	3	2	4	2	8	5	3	15	24	1	2	6
BAFF522	6	1	1	2	1	1	1	5	7	1	4	1	2	1
BAFF522	6	5	3	5	4	2	1	5	10	12	23	1	2	6
BAFF475	7	3	1	1	2	1	1	7	3	9	3	1	2	1
BAFF475	7	6	3	1	2	1	4	13	14	10	3	1	2	2
BAFF140	12	1	1	1	6	1	1	15	3	3	1	1	3	1
BAFF140	12	5	3	2	9	3	4	20	7	13	9	2	3	6
BAFF409	12	3	1	2	1	2	1	5	3	14	11	1	1	6
BAFF409	12	7	1	2	9	2	11	5	7	14	13	1	1	6
BAFF523	6	7	1	1	1	1	4	3	3	1	6	1	2	6
BAFF523	6	9	3	2	6	2	22	16	3	9	19	1	2	8
BAFF476	7	3	1	2	9	1	1	5	3	6	16	1	2	1
BAFF476	7	4	4	2	9	1	5	11	3	9	17	1	3	7
BAFF147	12	5	1	1	4	1	4	8	5	15	1	1	2	4
BAFF147	12	6	2	5	8	2	19	30	7	27	14	1	2	6
BAFF410	12	3	1	1	4	2	4	13	6	14	1	1	2	1
BAFF410	12	6	1	1	4	3	5	18	11	14	18	1	2	1
BAFF477	7	3	1	1	1	1	8	5	11	5	11	1	2	1
BAFF477	7	4	1	1	3	2	12	8	11	5	20	2	2	2
BAFF411	12	4	1	2	9	2	11	19	3	3	5	2	2	1
BAFF411	12	4	1	2	9	2	11	22	3	3	12	2	2	1
BAFF486	7	4	1	2	3	-9	1	7	3	5	10	1	2	5
BAFF486	7	5	1	2	3	-9	5	14	11	5	10	2	2	5
BAFF412	12	4	1	8	6	1	1	-9	3	4	11	1	1	1
BAFF412	12	4	1	8	6	1	1	-9	3	4	13	1	1	1
BAFF258	1	5	1	2	1	1	1	16	3	4	12	1	2	1
BAFF258	1	5	1	2	4	1	21	16	3	10	13	1	2	1
BAFF392	2	7	1	2	4	1	6	16	10	12	19	1	3	6
BAFF392	2	7	1	2	4	1	6	16	10	12	19	1	3	6
BAFF217	3	3	1	2	2	1	1	11	2	6	6	1	2	2
BAFF217	3	6	2	2	12	2	5	17	3	12	11	1	2	6
BAFF016	4	1	1	1	4	2	8	13	7	9	18	1	3	2
BAFF016	4	1	1	1	4	2	8	13	7	9	18	1	3	2
BAFF246	4	3	1	1	3	1	4	11	3	2	18	1	2	1
BAFF246	4	4	1	2	6	1	20	13	7	2	18	1	2	4
BAFF381	13	3	1	1	2	1	1	14	3	3	3	1	2	2
BAFF381	13	5	2	2	7	2	5	25	3	31	7	1	2	6
BAFF078	6	4	1	2	4	2	9	7	3	27	9	1	2	6
BAFF078	6	4	1	2	4	2	9	7	3	27	19	1	2	6
BAFF481	6	4	1	2	1	1	4	5	3	3	3	1	2	6
BAFF481	6	5	1	2	2	2	5	9	3	3	16	1	2	6
BAFF436	7	3	1	2	2	1	4	15	3	11	1	1	2	1
BAFF436	7	5	2	2	4	1	11	18	7	13	4	1	2	6
BAFF191	8	1	2	1	2	2	4	11	3	4	18	1	2	1
BAFF191	8	9	2	2	6	3	5	17	10	12	23	2	2	5
BAFF382	9	3	3	1	2	1	1	5	3	4	10	1	2	6
BAFF382	9	3	3	2	9	2	17	25	6	5	10	2	2	6
BAFF178	10	1	1	1	2	2	1	10	5	9	4	2	2	1
BAFF178	10	6	2	2	4	3	6	15	7	12	7	2	2	4
BAFF159	11	5	4	1	6	1	4	-9	6	4	16	1	2	2
BAFF159	11	5	4	1	6	1	4	-9	6	4	16	1	2	2
BAFF365	11	4	1	2	1	1	1	7	2	3	-9	1	2	1
BAFF365	11	5	2	7	2	3	8	11	3	8	-9	1	2	4
BAFF007	12	3	1	2	2	1	1	3	3	3	11	1	2	1
BAFF007	12	4	1	2	4	1	5	5	11	9	21	1	2	6
BAFF304	12	5	1	1	2	3	5	5	6	3	-9	1	2	1
BAFF304	12	5	3	2	2	3	13	11	6	27	-9	1	2	1
BAFF487	7	4	1	2	2	1	1	4	5	1	17	1	2	2
BAFF487	7	4	1	2	2	2	4	29	7	11	17	1	2	6
BAFF415	12	3	1	1	2	1	1	8	1	11	7	1	1	1
BAFF415	12	5	1	3	8	2	8	18	13	14	14	1	2	6
BAFF488	7	4	1	1	2	1	4	2	3	1	16	1	1	2
BAFF488	7	5	2	2	6	2	10	8	11	19	23	1	2	2
BAFF417	12	5	1	1	2	1	3	5	3	3	3	1	1	1
BAFF417	12	6	1	2	9	2	4	5	6	4	9	1	2	6
BAFF489	7	1	1	1	3	1	5	5	3	4	6	1	2	1
BAFF489	7	4	3	2	4	1	5	8	13	14	19	1	3	8
BAFF426	12	3	1	1	1	1	1	7	3	4	4	1	1	1
BAFF426	12	5	1	8	4	3	5	7	13	19	4	1	1	6
BAFF490	7	1	1	2	2	1	4	5	3	4	-9	1	3	1
BAFF490	7	5	1	2	6	1	10	14	5	9	-9	1	3	5
BAFF491	7	5	1	2	2	1	4	5	2	5	8	1	2	1
BAFF491	7	9	1	2	3	1	7	25	3	5	24	2	2	6
BAFF492	7	3	1	2	2	1	1	7	3	5	3	1	2	5
BAFF492	7	5	2	2	2	1	4	7	5	10	10	1	2	6
BAFF493	7	4	1	2	1	1	1	4	2	2	4	1	2	1
BAFF493	7	5	3	2	4	1	1	18	11	10	8	1	2	1
BAFF506	7	5	2	1	2	2	1	18	5	1	6	2	2	2
BAFF506	7	5	2	1	2	2	1	18	5	1	6	2	2	2
BAFF393	2	1	1	2	3	1	1	5	3	3	8	1	3	2
BAFF393	2	5	1	2	3	1	1	5	3	3	24	1	3	2
BAFF218	3	3	1	1	2	1	1	11	5	6	20	1	2	1
BAFF218	3	4	1	2	6	2	4	17	11	14	20	1	2	6
BAFF254	4	1	1	1	2	1	1	2	3	5	6	1	2	5
BAFF254	4	5	1	2	2	1	9	5	7	16	6	1	2	6
BAFF385	13	3	3	1	1	1	1	5	3	2	6	1	2	1
BAFF385	13	4	3	2	2	2	1	18	5	26	9	1	2	1
BAFF076	6	7	1	1	1	1	7	5	7	4	4	2	2	6
BAFF076	6	9	1	2	9	1	21	5	9	4	9	2	2	6
BAFF482	6	3	1	1	1	1	3	5	6	4	3	1	2	1
BAFF482	6	5	3	2	2	2	4	14	7	14	5	2	2	6
BAFF437	7	1	1	1	2	2	1	8	2	8	13	1	2	1
BAFF437	7	5	1	2	6	2	5	8	6	13	20	1	2	1
BAFF192	8	4	2	1	2	1	1	5	3	2	3	1	2	1
BAFF192	8	7	3	2	6	1	9	13	7	32	3	1	2	1
BAFF383	9	5	1	1	1	2	1	1	13	3	20	1	2	1
BAFF383	9	5	1	1	1	2	1	1	13	3	20	1	2	1
BAFF180	10	1	1	2	3	2	4	5	3	9	4	1	2	3
BAFF180	10	6	3	2	6	3	4	5	5	12	4	1	2	6
BAFF048	12	1	3	-9	4	1	16	11	11	1	1	1	2	1
BAFF048	12	1	3	-9	4	1	16	11	11	1	1	1	2	1
BAFF306	12	4	1	1	4	1	3	9	6	2	3	1	2	1
BAFF306	12	4	1	2	9	2	3	25	8	3	9	1	3	6
BAFF394	2	3	1	1	2	1	6	7	2	2	1	1	2	2
BAFF394	2	5	1	2	6	3	20	7	7	3	1	2	3	2
BAFF219	3	3	1	1	2	2	5	14	3	8	4	1	2	1
BAFF219	3	5	2	1	4	2	12	14	3	11	9	2	2	2
BAFF388	4	5	1	2	2	1	1	4	3	1	13	1	1	3
BAFF388	4	6	2	2	2	3	20	10	10	4	16	1	2	6
BAFF386	13	5	1	2	1	1	4	-9	3	5	1	1	2	5
BAFF386	13	7	1	2	4	2	6	-9	10	13	9	1	2	6
BAFF084	6	1	1	2	2	2	9	11	3	9	6	1	2	1
BAFF084	6	5	1	3	3	2	10	11	5	11	24	1	2	1
BAFF483	6	4	1	1	1	1	1	5	5	2	3	1	2	1
BAFF483	6	5	1	2	11	2	5	10	14	4	7	1	2	3
BAFF438	7	3	1	-9	-9	3	1	5	3	5	3	1	2	1
BAFF438	7	3	1	-9	-9	3	13	7	3	11	8	1	3	6
BAFF193	8	4	1	2	1	1	4	5	3	5	16	1	2	1
BAFF193	8	4	1	2	2	3	10	5	3	23	20	2	2	6
BAFF183	10	5	1	2	4	1	4	6	11	26	1	1	2	2
BAFF183	10	5	2	2	4	2	12	7	11	26	14	1	2	9
BAFF153	12	3	1	1	4	1	1	8	3	3	9	1	2	1
BAFF153	12	5	1	3	6	2	3	20	7	15	11	1	3	3
BAFF307	12	4	1	2	4	1	3	5	5	5	1	1	3	5
BAFF307	12	5	1	3	9	1	5	27	11	6	9	1	3	6
BAFF397	2	3	1	1	3	2	1	11	6	8	16	1	2	5
BAFF397	2	3	1	1	3	2	1	11	6	8	21	1	2	5
BAFF220	3	7	3	1	2	1	1	3	16	11	13	1	2	6
BAFF220	3	7	3	1	2	1	1	3	16	11	13	1	2	6
BAFF095	6	4	1	1	4	1	1	5	5	13	3	1	2	1
BAFF095	6	7	2	2	4	2	4	10	7	17	4	1	2	6
BAFF494	6	3	3	2	2	1	1	5	1	4	4	1	2	6
BAFF494	6	4	3	3	3	2	6	25	4	11	17	2	2	6
BAFF439	7	4	1	1	3	3	4	7	3	5	7	1	2	1
BAFF439	7	4	2	1	4	3	5	27	3	19	11	1	2	6
BAFF182	10	3	1	1	1	1	6	5	3	11	1	1	2	6
BAFF182	10	3	1	2	2	3	16	5	7	13	14	1	2	6
BAFF054	12	5	1	2	2	1	1	19	3	4	7	1	2	6
BAFF054	12	6	1	8	8	2	23	30	3	4	7	1	2	6
BAFF308	12	3	1	1	4	1	1	5	3	3	16	1	2	1
BAFF308	12	4	1	1	8	1	1	8	3	15	19	1	2	8
BAFF266	1	2	1	1	1	1	1	5	3	4	6	1	2	1
BAFF266	1	5	4	4	3	1	24	18	11	19	11	1	2	6
BAFF398	2	7	3	2	1	1	1	-9	5	13	20	2	2	1
BAFF398	2	7	3	2	1	1	1	-9	5	13	20	2	2	1
BAFF221	3	7	1	1	9	1	17	1	3	11	1	1	2	1
BAFF221	3	7	1	1	9	1	17	1	3	11	14	1	2	1
BAFF090	6	5	3	2	2	2	1	5	3	26	1	1	2	1
BAFF090	6	5	3	2	2	2	1	5	3	26	1	1	2	1
BAFF495	6	1	1	2	2	2	4	13	4	2	10	1	2	1
BAFF495	6	4	1	2	4	3	4	17	7	19	10	2	2	2
BAFF459	7	3	1	1	2	1	5	11	1	14	1	1	2	1
BAFF459	7	9	1	2	4	1	12	11	14	24	1	1	3	2
BAFF197	8	4	1	1	7	1	4	8	3	3	4	1	2	2
BAFF197	8	5	1	1	9	2	12	8	13	10	7	1	2	5
BAFF188	10	3	1	1	7	1	4	5	3	3	9	1	2	1
BAFF188	10	5	2	7	9	2	17	5	3	11	11	1	2	1
BAFF051	12	5	2	1	1	1	4	19	3	4	11	1	1	5
BAFF051	12	5	3	5	1	2	4	27	3	11	16	2	2	5
BAFF309	12	3	1	2	2	1	1	9	5	5	6	1	2	1
BAFF309	12	4	1	2	3	2	5	25	12	21	17	2	3	6
BAFF269	1	5	1	1	2	1	15	23	3	12	9	1	2	1
BAFF269	1	8	4	1	4	3	15	31	3	33	23	1	2	4
BAFF077	6	5	4	2	1	1	12	26	8	9	1	1	2	2
BAFF077	6	5	4	2	9	1	12	26	8	9	1	1	2	2
BAFF496	6	1	1	2	2	2	4	5	2	12	10	1	2	2
BAFF496	6	4	1	2	2	2	4	17	13	19	10	1	2	6
BAFF443	7	1	1	2	4	1	1	5	4	5	9	1	2	4
BAFF443	7	5	3	2	7	1	4	19	11	14	21	1	2	5
BAFF198	8	1	1	2	4	1	4	13	5	11	18	1	2	1
BAFF198	8	4	3	2	4	1	5	17	10	26	25	2	2	5
BAFF053	12	3	2	1	2	2	1	7	3	15	11	1	2	1
BAFF053	12	5	3	7	4	2	1	27	3	15	12	1	2	1
BAFF310	12	6	1	2	9	1	5	5	6	34	17	1	2	3
BAFF310	12	6	1	2	9	1	5	5	6	34	17	1	2	3
BAFF282	1	4	1	1	4	1	8	15	2	4	9	1	2	1
BAFF282	1	7	5	2	4	2	11	21	11	17	21	1	2	3
BAFF497	6	1	1	1	4	1	12	14	3	14	1	1	2	1
BAFF497	6	9	1	2	4	1	12	14	4	19	20	1	2	2
BAFF466	7	4	3	2	2	1	3	4	7	11	1	1	2	1
BAFF466	7	5	3	2	9	2	4	14	11	14	6	2	2	6
BAFF200	8	4	1	1	1	1	4	5	5	5	-9	1	3	1
BAFF200	8	4	2	2	2	2	20	5	7	10	-9	1	3	6
BAFF240	10	4	1	2	4	1	6	4	3	5	6	1	3	1
BAFF240	10	5	2	2	9	1	8	11	3	11	19	1	3	6
BAFF055	12	5	1	1	2	1	1	13	3	4	7	1	2	3
BAFF055	12	6	1	2	8	2	23	30	12	13	9	1	2	6
BAFF311	12	7	1	6	6	2	1	3	1	10	-9	1	3	1
BAFF311	12	7	1	6	6	2	6	9	1	18	-9	1	3	6
