Madison_2021
Madison_2021
32

13        ! Number of loci
666       ! Seed for random number generator
0         ! 0/1=Not updating/updating allele frequency
2         ! 2/1=Dioecious/Monoecious species
0         ! 0/1=Inbreeding absent/present
1         ! 0/1=Diploid species/HaploDiploid species
1  1      ! 0/1=Polygamy/Monogamy for males & females
0         ! 0/1 = Clone inference = No/Yes
1         ! 0/1=Scale full sibship=No/Yes
0         ! 0/1/2/3/4=No/Weak/Medium/Strong sibship prior; 4=Optimal sibship prior for Ne
0         ! 0/1=Unknown/Known population allele frequency
1         ! Number of runs
3         ! 1/2/3/4 = Short/Medium/Long/VeryLong run
0         ! 0/1=Monitor method by Iterate#/Time in second
100000         ! Monitor interval in Iterate# / in seconds
0         ! 0/1=DOS/Windows version
1         ! 0/1/2=Pair-Likelihood-Score(PLS)/Full-Likelihood(FL)/FL-PLS-combined(FPLS) method
3         ! 0/1/2/3=Low/Medium/High/VeryHigh precision

btern01	bt28	b96	bt30	btms0081	btms0066	btms0083	b126	btms0062	btern02	btms0086	bl13	btms0059
0	0	0	0	0	0	0	0	0	0	0	0	0
0	0	0	0	0	0	0	0	0	0	0	0	0
0.04	0.01	0.11	0.05	0.02	0.02	0.11	0	0.09	0.28	0	0.01	0.02
BAFF429	108	108	180	192	191	191	244	244	308	308	141	141	326	326	165	165	248	258	195	209	267	279	185	185	356	360
BAFF430	108	108	180	192	191	191	244	244	308	308	141	141	326	326	165	165	248	258	195	209	267	279	185	185	356	360
BAFF435	108	108	186	186	193	193	242	242	304	308	141	150	342	356	165	171	264	268	191	191	267	267	185	185	356	356
BAFF481	108	114	186	186	193	193	232	240	304	308	129	141	300	326	165	165	254	254	191	213	267	267	185	185	352	352
BAFF482	108	110	180	186	191	193	232	240	304	308	141	156	300	306	173	181	250	256	191	205	267	279	185	185	352	356
BAFF483	108	114	186	186	191	193	232	257	304	308	129	150	300	352	171	189	256	260	191	203	267	267	185	185	356	364
BAFF494	110	114	180	180	193	197	240	242	304	308	138	150	300	304	175	187	248	256	167	201	267	279	185	185	352	352
BAFF495	106	114	186	186	193	193	240	244	300	308	141	141	334	344	181	187	260	282	179	179	267	279	185	185	356	360
BAFF496	106	114	186	186	193	193	240	240	308	308	141	141	300	334	177	179	258	282	179	179	267	267	185	185	352	360
BAFF497	104	106	186	186	191	193	244	244	304	304	126	126	306	306	165	187	250	282	183	195	267	267	185	185	356	360
BAFF498	110	110	180	186	191	193	232	240	304	304	150	153	298	318	171	183	254	270	167	181	267	267	185	185	356	360
BAFF499	108	112	186	186	191	193	240	244	300	304	123	126	342	342	165	165	250	250	181	201	267	267	185	185	352	356
BAFF500	116	118	186	192	193	193	232	240	304	304	141	150	300	354	165	187	250	308	181	213	267	279	185	185	352	356
BAFF502	106	114	186	186	191	193	240	240	300	308	141	141	300	334	177	179	260	282	179	189	267	267	185	185	352	360
BAFF503	108	108	186	186	193	193	244	244	308	308	174	174	340	340	169	169	256	256	167	167	267	267	185	185	352	352
BAFF507	106	110	186	198	193	193	236	244	300	304	147	147	338	344	167	187	248	286	195	213	267	267	185	185	352	360
BAFF508	114	114	180	186	191	193	238	240	308	308	123	153	298	346	167	167	264	306	211	211	267	267	185	185	352	356
BAFF509	106	108	186	192	191	191	236	246	300	300	138	150	326	352	165	175	266	282	191	197	267	279	185	189	352	364
BAFF510	110	110	186	186	188	193	244	244	304	304	141	147	328	330	181	181	256	256	191	199	267	279	185	185	356	364
BAFF511	106	110	186	186	193	193	232	238	308	308	141	150	330	330	177	187	262	264	191	201	267	267	185	185	348	352
BAFF512	106	106	186	186	193	197	229	242	304	308	141	150	318	318	165	167	256	286	179	213	267	279	173	185	352	352
BAFF513	106	114	186	186	191	193	236	240	304	308	141	150	318	348	165	169	256	266	185	193	267	279	185	185	352	360
BAFF514	110	112	180	192	191	191	240	244	304	304	141	150	300	352	171	181	256	296	181	185	267	267	185	185	352	352
BAFF515	106	110	186	186	197	197	240	240	304	308	141	150	300	326	175	181	256	286	195	197	267	267	185	185	352	352
BAFF516	106	106	186	186	193	193	232	238	308	308	141	150	330	330	177	187	262	292	191	201	267	267	185	185	348	352
BAFF517	106	106	186	186	193	193	238	238	308	308	141	150	328	328	173	177	262	292	191	201	267	267	185	185	348	352
BAFF518	112	114	186	186	191	193	242	244	304	308	129	162	300	356	165	173	254	256	181	199	267	282	185	185	352	356
BAFF519	110	114	186	186	193	193	236	240	308	308	141	150	298	326	171	177	254	260	191	199	267	267	185	185	352	356
BAFF520	104	108	186	192	193	193	232	240	304	304	141	147	0	0	171	173	254	268	181	189	267	267	185	185	352	356
BAFF521	106	110	186	186	193	193	232	238	308	308	141	150	328	328	177	187	262	292	185	191	267	267	185	185	352	360
BAFF522	106	108	180	186	188	193	232	244	304	308	150	150	300	300	169	181	252	258	177	201	267	267	185	185	352	356
BAFF523	104	116	180	186	191	193	232	236	304	308	115	141	318	330	165	165	252	262	187	189	267	267	185	185	340	352
0.0 0.0 !Prob father and mother are in dataset
0 0 !numbers of candidate males and females
0 0 !Number of offspring with known father, exclusion threshold
0 0 !Number of offspring with known mother, exclusion threshold
0 !Number of known paternal sibships
0 !Number of known maternal sibships
0 !Number of offspring with known excluded fathers
0 !Number of offspring with known excluded mothers
0 !Number of offspring with known excluded paternal sibships
0 !Number of offspring with known excluded maternal sibships
