Twin_Cities_2021
Twin_Cities_2021
46

13        ! Number of loci
666       ! Seed for random number generator
0         ! 0/1=Not updating/updating allele frequency
2         ! 2/1=Dioecious/Monoecious species
0         ! 0/1=Inbreeding absent/present
1         ! 0/1=Diploid species/HaploDiploid species
1  1      ! 0/1=Polygamy/Monogamy for males & females
0         ! 0/1 = Clone inference = No/Yes
1         ! 0/1=Scale full sibship=No/Yes
0         ! 0/1/2/3/4=No/Weak/Medium/Strong sibship prior; 4=Optimal sibship prior for Ne
0         ! 0/1=Unknown/Known population allele frequency
1         ! Number of runs
3         ! 1/2/3/4 = Short/Medium/Long/VeryLong run
0         ! 0/1=Monitor method by Iterate#/Time in second
100000         ! Monitor interval in Iterate# / in seconds
0         ! 0/1=DOS/Windows version
1         ! 0/1/2=Pair-Likelihood-Score(PLS)/Full-Likelihood(FL)/FL-PLS-combined(FPLS) method
3         ! 0/1/2/3=Low/Medium/High/VeryHigh precision

btern01	bt28	b96	bt30	btms0081	btms0066	btms0083	b126	btms0062	btern02	btms0086	bl13	btms0059
0	0	0	0	0	0	0	0	0	0	0	0	0
0	0	0	0	0	0	0	0	0	0	0	0	0
0.04	0.01	0.11	0.05	0.02	0.02	0.11	0	0.09	0.28	0	0.01	0.02
BAFF302	110	110	186	198	188	193	240	242	300	304	147	150	306	338	165	173	256	256	193	195	267	267	185	185	352	356
BAFF303	106	108	186	192	191	191	232	238	308	308	150	150	324	324	167	173	258	266	193	209	267	267	185	185	356	356
BAFF304	108	108	180	186	191	193	240	240	300	300	123	129	298	300	173	173	246	254	0	0	267	267	185	185	356	356
BAFF305	106	108	186	186	191	193	238	244	308	308	150	156	324	324	167	173	258	266	195	209	267	267	185	185	356	356
BAFF306	114	114	186	186	191	193	238	244	304	308	156	156	304	326	173	183	254	260	185	191	267	267	185	189	352	356
BAFF307	108	114	186	186	193	197	238	244	304	304	129	156	300	340	167	171	264	288	185	195	267	267	189	189	348	352
BAFF308	110	114	186	186	191	191	229	244	304	304	150	150	300	322	165	165	254	298	187	213	267	267	185	185	340	356
BAFF309	110	114	186	186	193	193	240	242	304	308	129	150	304	326	171	185	264	286	167	189	267	279	185	189	352	356
BAFF310	112	112	186	186	193	193	238	238	304	304	129	129	300	300	173	173	336	336	167	167	267	267	185	185	364	364
BAFF311	116	116	186	186	181	181	236	236	308	308	138	150	326	330	175	175	268	290	0	0	267	267	189	189	352	356
BAFF326	108	110	186	192	193	193	238	240	308	308	129	150	324	352	165	167	250	254	189	195	267	267	185	185	356	356
BAFF327	108	110	186	186	181	193	238	238	308	308	129	150	324	352	167	173	250	254	195	195	267	267	185	185	356	356
BAFF328	108	110	186	186	181	193	238	240	308	308	129	150	304	324	167	173	254	300	189	193	267	267	185	185	356	356
BAFF329	112	112	186	186	191	193	232	240	300	308	138	182	304	342	173	181	254	298	189	213	267	267	185	185	344	364
BAFF330	104	116	186	186	181	191	236	240	304	304	141	174	300	352	165	165	254	264	191	211	267	267	185	189	352	356
BAFF331	110	116	186	192	193	193	238	238	308	308	129	141	304	324	167	173	250	254	195	211	267	267	185	185	356	356
BAFF332	104	116	186	186	181	191	236	240	304	304	141	174	300	352	165	173	264	300	191	211	267	267	185	189	352	356
BAFF333	110	116	186	192	181	193	238	240	304	308	129	150	304	324	165	167	254	300	189	195	267	267	185	185	356	356
BAFF334	110	116	186	186	193	193	238	240	304	308	129	141	324	352	165	167	254	300	189	195	267	267	185	185	356	356
BAFF335	106	108	186	186	188	191	238	238	304	308	118	156	304	344	167	181	250	284	185	185	267	267	185	185	356	356
BAFF336	112	112	186	186	191	193	240	240	308	308	150	182	330	342	173	181	254	262	189	189	267	267	173	185	344	364
BAFF337	108	110	186	192	193	193	238	240	308	308	129	150	324	352	165	167	250	254	189	195	267	267	185	185	356	356
BAFF339	106	106	186	186	193	193	238	242	300	308	150	150	340	356	171	183	254	282	181	199	267	267	185	185	348	352
BAFF340	106	106	186	186	191	193	236	238	300	304	150	150	342	356	165	183	248	282	181	199	267	267	185	185	348	356
BAFF341	108	114	180	186	191	193	232	244	300	304	129	156	298	336	165	165	260	296	179	187	267	267	185	185	348	352
BAFF344	108	110	186	186	188	191	240	244	300	308	141	150	300	324	165	173	258	300	0	0	267	267	185	189	352	356
BAFF361	110	110	186	186	188	191	240	244	300	308	141	150	300	324	165	173	258	298	201	203	267	267	185	189	352	356
BAFF363	108	112	180	192	193	197	238	244	308	308	150	174	300	300	165	183	250	250	0	0	267	267	173	189	356	364
BAFF366	106	114	186	186	185	191	229	238	308	308	126	135	344	356	165	179	298	298	0	0	267	267	189	189	348	356
BAFF374	114	116	186	186	191	193	238	240	304	308	150	168	352	352	181	181	256	256	193	195	267	267	173	185	352	356
BAFF402	108	112	186	192	193	193	232	238	300	304	150	150	300	358	165	181	256	268	197	199	267	267	173	185	352	356
BAFF403	108	112	186	192	193	193	238	244	304	308	150	150	358	358	165	181	250	256	181	181	267	267	173	185	352	356
BAFF404	112	114	180	186	193	193	232	238	304	308	147	180	300	358	165	173	250	250	193	211	267	267	173	185	352	356
BAFF405	106	106	186	186	197	197	232	232	308	308	150	150	0	0	181	181	254	254	195	195	267	267	185	185	356	356
BAFF406	108	112	180	180	191	197	238	240	300	308	132	138	300	344	165	181	256	262	191	211	267	267	173	185	356	356
BAFF407	108	114	180	186	191	203	240	244	300	308	141	180	300	324	165	181	268	282	193	211	267	267	173	185	352	356
BAFF408	110	114	180	186	191	193	244	244	308	308	129	147	300	350	165	165	254	298	185	211	267	267	185	185	352	364
BAFF409	110	116	186	186	193	193	232	238	308	308	144	150	300	300	165	181	250	250	197	199	267	267	173	173	352	352
BAFF410	110	112	186	186	191	191	244	244	300	308	129	141	344	356	167	173	250	250	181	195	267	267	185	185	356	356
BAFF411	114	114	186	186	193	193	238	238	308	308	144	144	358	360	165	165	254	254	205	207	279	279	185	185	356	356
BAFF412	114	114	186	186	203	203	236	236	304	304	150	150	0	0	165	165	256	256	197	199	267	267	173	173	356	356
BAFF413	108	110	186	186	191	197	229	240	304	308	147	150	356	358	175	177	248	250	193	201	267	267	185	185	352	356
BAFF414	114	114	186	186	193	193	238	238	304	304	150	150	0	0	165	165	334	334	205	207	267	267	173	173	356	356
BAFF415	108	110	186	186	191	197	229	240	304	308	147	150	322	356	175	177	248	250	193	203	267	267	173	185	352	356
BAFF417	108	112	186	186	191	193	238	240	304	308	141	156	300	300	165	173	254	256	185	191	267	267	173	185	352	356
BAFF426	108	110	186	186	191	203	232	244	300	304	129	150	342	342	165	177	256	282	201	201	267	267	173	173	352	356
0.0 0.0 !Prob father and mother are in dataset
0 0 !numbers of candidate males and females
0 0 !Number of offspring with known father, exclusion threshold
0 0 !Number of offspring with known mother, exclusion threshold
0 !Number of known paternal sibships
0 !Number of known maternal sibships
0 !Number of offspring with known excluded fathers
0 !Number of offspring with known excluded mothers
0 !Number of offspring with known excluded paternal sibships
0 !Number of offspring with known excluded maternal sibships
