BAFF255	106	108	186	186	181	191	232	234	300	304	147	150	314	350	165	177	272	286	207	209	267	267	173	185	344	348
BAFF256	108	114	186	186	181	193	236	240	300	308	144	150	300	300	167	179	270	280	193	207	267	279	173	185	352	352
BAFF257	108	114	186	192	181	185	232	236	300	308	150	153	314	336	167	179	270	280	207	207	267	279	185	185	352	352
BAFF258	108	108	186	186	193	193	232	244	304	304	120	150	318	318	165	165	256	268	197	207	267	267	185	185	356	356
BAFF259	108	108	186	186	191	193	232	240	304	308	150	153	300	300	167	167	260	270	195	195	267	267	173	173	352	364
BAFF260	108	114	186	186	188	193	234	236	300	304	144	153	300	314	167	179	260	280	197	207	279	279	185	185	352	352
BAFF261	106	108	186	192	185	193	229	232	300	304	150	153	314	336	165	167	278	280	193	193	279	279	185	185	352	356
BAFF262	108	116	186	192	185	191	240	240	304	304	144	150	300	314	167	167	266	282	193	195	267	267	185	185	356	356
BAFF266	108	118	186	198	179	191	232	242	304	304	150	171	300	356	165	167	256	282	189	199	267	267	185	185	352	356
BAFF269	108	120	186	198	191	191	240	244	300	304	135	135	316	364	165	165	228	258	177	185	267	267	185	185	344	356
BAFF274	108	110	186	186	193	193	229	232	304	304	147	150	300	314	167	167	268	280	191	193	267	279	185	185	352	356
BAFF282	114	116	167	186	191	193	244	244	304	308	144	147	338	362	167	179	256	270	185	215	267	267	185	185	356	364
BAFF290	110	114	186	192	181	193	240	240	300	304	144	150	318	334	167	179	254	254	193	213	267	282	185	185	352	364
BAFF292	108	120	186	186	191	193	238	244	300	304	150	177	334	334	165	167	260	286	185	215	267	267	185	185	352	360
BAFF294	108	116	186	186	191	191	240	244	304	304	144	165	314	362	167	175	272	282	193	209	267	267	173	185	356	360
BAFF295	108	108	186	186	193	193	234	240	300	304	150	150	316	334	165	177	270	270	185	185	267	267	185	185	344	352
BAFF296	108	120	186	186	193	193	238	240	304	308	150	177	334	360	165	177	270	286	215	217	267	267	185	185	352	360
BAFF298	106	108	186	186	191	191	232	232	304	304	144	147	350	356	177	185	262	282	207	209	267	279	173	185	356	356
BAFF299	108	108	186	186	181	191	234	238	304	304	150	153	314	314	167	169	256	260	193	195	267	267	173	173	364	364
