BAFF244	106	106	180	186	193	193	240	240	304	308	129	150	300	322	181	181	264	292	191	197	267	279	185	185	356	356
BAFF245	108	110	186	192	193	193	236	240	304	304	129	150	300	322	169	179	254	288	177	193	267	267	185	185	352	352
BAFF246	110	114	186	186	191	193	236	242	304	304	141	168	298	344	165	181	260	260	181	181	267	267	185	185	344	356
BAFF247	106	108	180	180	191	193	240	240	304	308	129	150	300	322	173	181	276	292	191	191	267	279	185	185	356	356
BAFF248	106	108	180	180	191	193	240	240	304	308	129	150	322	342	181	181	264	292	197	199	267	279	185	185	356	356
BAFF249	106	106	180	180	191	193	240	240	304	308	129	150	300	322	173	181	276	292	191	197	267	279	185	185	356	356
BAFF250	106	114	180	186	191	193	236	242	304	304	150	168	344	344	165	181	248	260	181	181	267	267	185	185	344	352
BAFF251	106	106	180	186	193	193	240	240	304	308	129	150	322	342	173	181	276	292	191	197	267	279	185	185	356	356
BAFF254	106	108	186	186	191	193	240	240	304	304	132	150	300	350	165	181	264	300	189	189	267	267	185	185	348	352
BAFF387	108	112	186	192	177	193	238	238	300	304	150	168	300	352	165	169	252	264	197	197	267	267	173	185	364	364
BAFF388	108	112	186	192	193	193	240	240	300	304	150	168	336	352	165	169	252	256	197	213	267	267	173	185	352	364
