BAFF088	106	106	192	192	193	193	232	232	304	308	129	138	300	330	165	181	256	256	191	203	267	279	185	185	356	356
BAFF079	108	114	186	186	185	188	236	240	308	308	141	141	298	326	169	189	256	282	177	193	267	267	185	189	356	356
BAFF078	114	114	186	186	193	193	244	244	308	308	132	132	342	342	165	165	246	246	185	187	267	267	185	185	352	352
BAFF091	106	106	192	192	191	191	240	242	304	308	138	147	300	330	165	181	256	256	181	203	267	279	185	185	356	356
BAFF076	104	116	186	186	191	193	232	238	304	304	120	165	300	300	181	197	256	256	185	201	279	279	185	185	352	352
BAFF083	106	114	186	192	191	191	242	242	308	308	129	138	300	330	165	165	256	280	181	203	267	279	185	185	356	356
BAFF086	114	116	186	186	193	193	240	242	304	304	120	165	300	300	197	197	256	256	185	213	279	279	185	185	352	352
BAFF089	114	116	186	192	193	193	240	242	304	304	165	165	300	300	181	197	256	256	185	213	267	279	185	185	344	352
BAFF081	104	116	186	192	193	193	229	236	304	304	165	165	300	300	181	197	256	256	185	213	267	279	185	185	352	352
BAFF084	106	108	186	186	193	197	240	242	308	308	132	153	298	298	165	171	248	262	189	211	267	267	185	185	356	356
BAFF095	114	116	186	192	191	193	244	244	304	308	141	150	300	352	171	181	266	270	191	201	267	267	185	185	352	356
BAFF090	108	108	180	180	193	193	240	240	308	308	150	150	300	300	165	165	296	296	195	195	267	267	185	185	356	356
BAFF077	108	108	198	198	193	193	232	238	304	304	126	126	328	328	183	183	262	262	195	195	267	267	185	185	360	360
BAFF082	106	114	192	192	193	193	230	230	308	308	129	138	300	330	165	165	256	256	181	203	267	279	185	185	356	356
