BAFF141	106	106	186	186	191	191	240	240	304	304	129	129	350	350	185	185	264	264	185	185	282	282	185	185	356	356
BAFF008	114	114	186	186	191	191	240	244	304	308	150	150	300	304	165	165	256	256	175	183	267	267	173	185	344	352
BAFF007	110	114	186	186	193	193	240	244	304	304	129	150	300	330	165	167	254	262	199	215	267	267	185	185	352	356
BAFF048	106	106	180	180	0	0	244	244	304	304	174	174	298	298	167	167	252	252	195	195	267	267	185	185	356	356
BAFF013	104	106	186	186	191	191	236	240	304	304	138	150	300	356	165	197	246	256	177	191	267	267	185	185	344	352
BAFF005	108	108	186	186	191	193	236	244	308	308	150	156	322	324	165	181	254	298	185	199	267	267	173	189	364	364
BAFF003	108	108	186	186	191	197	232	236	304	308	150	156	322	324	181	181	254	298	185	199	267	267	185	189	356	364
BAFF004	108	108	186	186	191	193	232	236	308	308	150	156	322	324	181	181	254	298	185	199	267	267	185	189	364	364
BAFF002	108	108	186	186	191	197	232	236	308	308	150	156	322	324	181	181	254	300	185	199	267	267	185	189	364	364
BAFF001	108	108	186	186	191	197	236	244	304	308	150	156	322	324	165	181	254	298	185	195	267	267	173	189	364	364
BAFF150	108	108	186	186	191	193	236	244	308	308	150	156	324	330	165	181	254	300	185	199	267	267	185	189	356	364
BAFF151	108	108	186	186	191	197	236	244	308	308	150	156	322	324	165	181	254	298	185	199	267	267	185	189	364	364
BAFF152	108	110	186	186	191	193	232	236	308	308	150	156	322	324	181	181	254	298	185	199	267	267	173	189	364	364
BAFF153	108	110	186	186	191	197	236	244	304	308	150	156	322	324	165	181	254	298	185	199	267	267	185	189	356	364
BAFF049	108	112	186	186	193	203	0	0	304	308	141	197	332	358	165	171	256	282	185	203	267	267	185	185	352	364
BAFF050	108	112	186	186	193	203	229	240	304	304	141	197	332	358	165	165	256	282	203	203	267	267	185	185	352	364
BAFF051	108	108	180	192	188	191	232	232	304	308	141	141	340	358	165	165	248	256	199	213	267	279	173	185	348	348
BAFF052	108	116	186	186	191	193	229	240	304	304	150	197	332	344	165	165	256	282	185	203	267	267	185	185	352	352
BAFF053	108	110	180	192	185	191	240	244	308	308	150	150	340	342	165	165	298	298	199	207	267	267	185	185	356	356
BAFF054	108	112	186	186	193	203	229	240	304	308	150	197	332	358	165	165	256	256	203	203	267	267	185	185	352	352
BAFF055	108	112	186	186	191	193	229	240	304	308	150	197	332	344	165	185	256	266	185	203	267	267	185	185	352	364
BAFF056	108	108	180	186	191	193	240	240	308	308	141	150	356	358	173	185	282	282	181	181	267	279	173	185	348	352
BAFF058	108	114	180	192	215	215	232	232	300	304	141	141	340	358	165	165	256	268	213	213	267	279	173	185	348	356
BAFF061	108	108	180	192	188	191	232	244	304	308	141	150	340	358	165	181	256	268	199	213	267	267	185	185	348	356
BAFF063	108	108	180	192	188	191	232	244	300	304	141	141	340	358	165	181	256	268	213	213	267	279	173	185	348	356
BAFF065	108	114	180	192	188	191	232	232	304	308	141	141	340	358	165	165	248	256	213	213	267	267	173	185	348	356
BAFF066	108	108	180	192	188	191	232	244	300	304	141	150	340	358	165	165	256	268	199	213	267	279	173	185	348	356
BAFF068	108	108	186	186	191	193	229	232	300	308	150	182	358	386	177	183	250	254	213	213	267	267	173	185	352	352
BAFF069	114	114	186	186	193	193	240	244	300	304	150	182	344	356	165	181	250	268	203	203	267	267	173	185	352	356
BAFF070	112	112	186	192	191	193	238	240	300	308	150	150	324	342	165	173	250	250	181	197	267	279	185	189	352	356
BAFF072	108	110	186	186	191	193	240	240	308	308	132	150	322	342	165	165	246	248	187	187	267	267	185	185	352	364
BAFF073	112	112	186	192	193	193	238	244	300	308	150	150	324	342	165	165	250	334	181	197	267	279	185	189	352	356
BAFF139	108	110	180	186	188	191	229	240	304	308	147	150	298	316	175	179	268	268	179	191	267	267	185	189	356	360
BAFF163	112	112	180	180	193	193	238	238	308	308	174	174	356	356	183	183	334	334	201	201	267	267	185	185	352	352
BAFF142	108	114	180	186	193	193	240	240	300	304	129	150	342	342	167	185	280	280	185	185	267	267	185	185	356	356
BAFF149	108	114	186	192	193	193	238	238	300	304	150	156	322	344	165	165	254	254	191	199	267	267	185	185	352	356
BAFF138	106	108	186	186	191	191	229	240	300	308	150	150	324	342	165	181	254	284	185	195	267	282	185	185	356	360
BAFF143	110	114	186	186	185	188	229	240	304	308	129	138	300	324	181	181	248	288	181	199	267	267	185	185	348	352
BAFF137	108	114	192	192	191	191	240	257	300	304	118	150	322	326	175	205	256	298	187	187	267	267	185	185	356	356
BAFF144	104	108	180	186	191	193	244	244	304	308	120	182	300	356	165	181	254	264	189	195	267	267	185	185	352	356
BAFF135	108	108	180	186	191	191	229	240	300	300	150	150	324	342	165	181	262	284	185	195	267	282	185	185	356	360
BAFF164	108	112	186	186	193	193	240	240	300	300	141	150	322	342	167	173	284	298	185	199	267	267	185	185	356	356
BAFF145	108	114	186	192	185	191	238	240	304	308	132	138	298	300	165	167	264	300	177	205	267	267	185	185	348	364
BAFF136	108	112	186	186	188	191	240	244	308	308	150	174	300	324	173	181	258	258	203	203	267	267	185	189	352	352
BAFF165	110	112	186	186	185	193	232	240	300	308	129	138	322	344	173	173	280	292	183	199	267	267	185	185	352	356
BAFF146	108	110	186	186	193	193	240	240	300	300	141	150	342	342	167	185	284	298	185	199	267	267	185	185	356	356
BAFF140	106	108	180	186	191	193	236	238	300	304	141	150	324	338	165	181	254	266	185	195	267	279	189	189	352	356
BAFF147	108	112	186	192	188	191	229	244	304	308	118	141	322	332	171	181	246	298	193	195	267	267	185	185	344	352
BAFF167	108	112	186	192	188	191	229	240	304	308	118	138	322	332	171	173	246	298	195	203	267	267	185	185	352	352
